200
0 112  0.18  
0 133  0.63  
1 176  0.88  
1 82  0.32  
1 19  0.15  
1 57  0.41  
2 25  0.15  
3 87  0.39  
3 129  0.46  
3 163  0.14  
3 127  0.69  
3 132  0.20  
4 147  0.21  
4 105  0.48  
4 90  0.61  
5 127  0.90  
5 74  0.80  
5 28  0.10  
5 196  0.30  
5 102  0.11  
6 88  0.54  
6 61  0.05  
6 151  0.86  
7 38  0.63  
7 158  0.16  
7 184  0.82  
7 151  0.57  
8 138  0.26  
8 165  0.76  
8 78  0.95  
9 18  0.88  
9 197  0.89  
10 95  0.49  
10 11  0.01  
10 94  0.64  
10 77  0.22  
10 167  1.00  
10 23  0.69  
11 10  0.01  
11 175  0.12  
11 104  0.15  
11 122  0.49  
11 73  0.82  
12 42  0.19  
12 28  0.24  
12 49  0.32  
12 135  0.56  
12 71  0.83  
13 158  0.40  
13 58  0.87  
14 94  0.58  
14 75  0.78  
14 186  0.19  
15 16  0.72  
15 87  0.20  
16 142  0.52  
16 15  0.72  
16 149  0.89  
16 56  0.51  
17 175  0.61  
17 29  0.65  
17 180  0.03  
17 189  0.61  
18 184  0.00  
18 9  0.88  
18 56  0.67  
19 76  0.26  
19 87  0.26  
19 82  0.32  
19 1  0.15  
19 54  0.36  
20 92  0.75  
20 87  0.18  
20 131  0.31  
21 140  0.36  
21 162  0.43  
21 191  0.63  
22 175  0.41  
22 76  0.95  
22 108  0.63  
22 39  0.17  
23 117  0.10  
23 188  0.14  
23 45  0.09  
23 10  0.69  
24 156  0.19  
24 35  0.24  
24 100  0.35  
24 112  0.31  
24 67  0.06  
25 32  0.70  
25 189  0.96  
25 2  0.15  
25 108  0.74  
25 191  0.61  
26 55  0.76  
26 49  0.71  
26 36  0.19  
27 158  0.01  
27 79  0.76  
27 197  0.57  
28 32  1.00  
28 76  0.10  
28 5  0.10  
28 12  0.24  
29 127  0.77  
29 146  0.74  
29 17  0.65  
29 90  0.21  
30 102  0.28  
30 177  0.31  
30 110  0.12  
30 149  0.55  
30 72  0.19  
30 74  0.40  
30 75  0.50  
30 171  0.96  
31 121  0.11  
31 134  0.23  
31 119  0.81  
32 25  0.70  
32 28  1.00  
32 174  0.20  
32 198  0.35  
32 54  0.54  
33 33  0.08  
33 33  0.08  
33 156  0.55  
33 50  0.72  
33 51  0.31  
34 102  0.50  
34 170  0.53  
34 186  0.89  
34 65  0.81  
34 167  0.71  
35 169  0.14  
35 163  0.76  
35 24  0.24  
36 26  0.19  
36 161  0.49  
36 196  0.33  
37 40  0.54  
37 124  0.65  
38 75  0.80  
38 167  0.23  
38 7  0.63  
39 120  0.82  
39 172  0.30  
39 49  0.84  
39 127  0.00  
39 22  0.17  
40 42  0.83  
40 181  0.71  
40 129  0.53  
40 146  0.43  
40 37  0.54  
40 67  0.61  
40 79  0.50  
40 187  0.45  
40 60  0.20  
40 89  0.80  
41 47  0.15  
41 166  0.68  
42 12  0.19  
42 40  0.83  
42 178  0.94  
42 187  0.55  
42 88  0.46  
42 160  0.87  
42 184  0.98  
42 96  0.11  
42 60  0.30  
44 120  0.90  
44 177  0.12  
45 182  0.20  
45 196  0.24  
45 23  0.09  
46 98  0.81  
46 156  0.13  
47 41  0.15  
47 102  0.81  
47 75  0.44  
48 168  0.83  
48 50  0.22  
48 197  0.04  
48 165  0.44  
49 112  0.91  
49 12  0.32  
49 39  0.84  
49 26  0.71  
49 143  0.04  
50 33  0.72  
50 89  0.56  
50 48  0.22  
51 61  0.65  
51 106  0.02  
51 33  0.31  
51 183  0.73  
52 185  0.50  
53 174  0.34  
53 196  0.28  
53 132  0.43  
53 101  0.74  
53 176  0.11  
53 176  0.18  
53 152  0.36  
54 167  0.21  
54 76  0.74  
54 32  0.54  
54 19  0.36  
55 166  0.64  
55 26  0.76  
55 176  0.05  
55 57  0.89  
56 75  1.00  
56 128  0.53  
56 18  0.67  
56 16  0.51  
57 191  0.16  
57 157  0.91  
57 55  0.89  
57 130  0.99  
57 1  0.41  
58 85  0.09  
58 13  0.87  
58 177  0.90  
59 141  0.16  
59 92  0.28  
59 173  0.74  
59 144  0.20  
59 147  0.02  
59 196  0.28  
60 171  0.53  
60 194  0.49  
60 40  0.20  
60 42  0.30  
61 73  0.55  
61 51  0.65  
61 67  0.40  
61 184  0.75  
61 87  0.26  
61 6  0.05  
62 138  0.31  
62 188  0.53  
62 189  0.70  
62 162  0.54  
62 87  0.93  
62 126  0.97  
63 151  0.01  
63 194  0.62  
64 154  0.01  
64 114  0.93  
64 130  0.53  
65 130  0.99  
65 34  0.81  
66 136  0.05  
66 89  0.72  
67 116  0.39  
67 61  0.40  
67 40  0.61  
67 120  0.87  
67 24  0.06  
68 195  0.08  
68 84  0.41  
68 93  0.97  
68 149  0.13  
68 130  0.82  
68 159  0.12  
68 98  0.11  
68 93  0.05  
68 76  0.79  
69 151  0.28  
70 99  0.96  
70 159  0.06  
71 90  0.12  
71 12  0.83  
72 30  0.19  
72 193  0.67  
72 98  0.12  
73 83  0.19  
73 61  0.55  
73 11  0.82  
73 133  0.53  
73 183  0.17  
74 149  0.80  
74 5  0.80  
74 30  0.40  
75 38  0.80  
75 47  0.44  
75 56  1.00  
75 30  0.50  
75 14  0.78  
75 105  0.82  
76 19  0.26  
76 28  0.10  
76 54  0.74  
76 22  0.95  
76 68  0.79  
76 104  0.16  
77 10  0.22  
77 82  0.62  
77 124  0.23  
78 174  0.55  
78 8  0.95  
79 125  0.56  
79 158  0.66  
79 40  0.50  
79 27  0.76  
80 176  0.55  
80 153  0.50  
81 159  0.51  
81 197  0.59  
81 171  0.27  
81 139  0.78  
81 103  0.32  
81 164  0.27  
81 124  0.82  
82 107  0.40  
82 1  0.32  
82 77  0.62  
82 19  0.32  
82 87  0.55  
83 146  0.46  
83 73  0.19  
83 88  0.69  
83 150  0.28  
83 98  0.86  
83 158  0.67  
83 182  0.49  
84 68  0.41  
84 140  0.05  
85 101  0.04  
85 58  0.09  
85 179  0.24  
85 162  0.78  
86 158  0.78  
86 149  0.57  
86 104  0.41  
86 99  0.83  
87 3  0.39  
87 107  0.25  
87 89  0.82  
87 19  0.26  
87 20  0.18  
87 82  0.55  
87 62  0.93  
87 61  0.26  
87 15  0.20  
88 123  0.00  
88 6  0.54  
88 83  0.69  
88 173  0.54  
88 42  0.46  
88 148  0.06  
89 87  0.82  
89 50  0.56  
89 66  0.72  
89 156  0.09  
89 40  0.80  
90 184  0.28  
90 71  0.12  
90 177  0.68  
90 29  0.21  
90 4  0.61  
90 139  0.58  
91 97  0.52  
92 153  0.73  
92 194  0.47  
92 20  0.75  
92 59  0.28  
92 199  0.51  
92 118  0.79  
93 139  0.65  
93 190  0.45  
93 68  0.97  
93 176  0.97  
93 129  0.57  
93 68  0.05  
94 10  0.64  
94 14  0.58  
94 177  0.55  
95 10  0.49  
96 187  0.89  
96 42  0.11  
97 133  0.13  
97 108  0.39  
97 191  0.85  
97 144  0.14  
97 91  0.52  
98 46  0.81  
98 157  0.92  
98 83  0.86  
98 68  0.11  
98 72  0.12  
99 151  0.06  
99 70  0.96  
99 86  0.83  
100 138  0.85  
100 179  0.40  
100 122  0.33  
100 24  0.35  
101 85  0.04  
101 53  0.74  
102 30  0.28  
102 34  0.50  
102 47  0.81  
102 194  0.95  
102 5  0.11  
103 81  0.32  
104 172  0.15  
104 124  0.69  
104 11  0.15  
104 86  0.41  
104 76  0.16  
105 4  0.48  
105 75  0.82  
106 51  0.02  
106 142  0.65  
106 162  0.29  
106 122  0.58  
107 87  0.25  
107 82  0.40  
107 187  0.69  
108 97  0.39  
108 25  0.74  
108 22  0.63  
110 30  0.12  
110 188  0.24  
110 172  0.89  
111 122  0.90  
111 184  0.60  
112 0  0.18  
112 49  0.91  
112 199  0.43  
112 24  0.31  
112 184  0.09  
113 147  0.06  
113 158  0.63  
113 133  0.97  
113 132  0.32  
113 182  0.59  
114 161  0.51  
114 120  0.06  
114 64  0.93  
115 183  0.74  
116 67  0.39  
117 174  0.61  
117 23  0.10  
117 186  0.61  
118 178  0.15  
118 92  0.79  
119 178  0.31  
119 31  0.81  
119 188  0.26  
119 186  0.68  
120 114  0.06  
120 39  0.82  
120 67  0.87  
120 44  0.90  
121 31  0.11  
121 135  0.58  
121 179  0.65  
121 192  0.31  
122 160  0.39  
122 111  0.90  
122 163  0.23  
122 11  0.49  
122 100  0.33  
122 106  0.58  
123 88  0.00  
123 186  0.21  
124 126  0.81  
124 104  0.69  
124 144  0.84  
124 81  0.82  
124 37  0.65  
124 77  0.23  
125 190  0.40  
125 79  0.56  
126 124  0.81  
126 149  0.18  
126 144  0.31  
126 168  0.62  
126 167  0.89  
126 62  0.97  
127 29  0.77  
127 5  0.90  
127 159  0.56  
127 39  0.00  
127 3  0.69  
128 56  0.53  
128 176  0.15  
129 3  0.46  
129 40  0.53  
129 198  0.86  
129 158  0.25  
129 93  0.57  
130 162  0.04  
130 65  0.99  
130 68  0.82  
130 137  0.31  
130 64  0.53  
130 156  0.33  
130 57  0.99  
131 192  0.79  
131 20  0.31  
132 53  0.43  
132 138  0.41  
132 113  0.32  
132 194  0.12  
132 3  0.20  
132 142  0.73  
133 97  0.13  
133 160  0.10  
133 113  0.97  
133 0  0.63  
133 73  0.53  
133 170  0.74  
134 178  0.31  
134 140  0.98  
134 31  0.23  
135 121  0.58  
135 12  0.56  
136 66  0.05  
136 189  0.72  
136 178  0.62  
137 137  0.56  
137 137  0.56  
137 130  0.31  
138 100  0.85  
138 62  0.31  
138 8  0.26  
138 132  0.41  
139 93  0.65  
139 81  0.78  
139 90  0.58  
140 21  0.36  
140 148  0.58  
140 84  0.05  
140 134  0.98  
141 149  0.66  
141 59  0.16  
142 16  0.52  
142 106  0.65  
142 181  0.26  
142 132  0.73  
143 151  0.50  
143 181  0.70  
143 167  0.98  
143 159  0.74  
143 49  0.04  
143 158  0.04  
144 126  0.31  
144 124  0.84  
144 59  0.20  
144 97  0.14  
145 194  0.08  
146 83  0.46  
146 29  0.74  
146 40  0.43  
146 156  0.55  
147 113  0.06  
147 169  0.09  
147 4  0.21  
147 59  0.02  
148 140  0.58  
148 88  0.06  
149 141  0.66  
149 126  0.18  
149 74  0.80  
149 30  0.55  
149 173  0.03  
149 16  0.89  
149 68  0.13  
149 86  0.57  
149 184  0.25  
150 83  0.28  
151 63  0.01  
151 99  0.06  
151 143  0.50  
151 178  0.02  
151 69  0.28  
151 7  0.57  
151 177  0.27  
151 6  0.86  
152 192  0.65  
152 183  0.88  
152 53  0.36  
152 185  0.52  
153 168  0.33  
153 92  0.73  
153 80  0.50  
154 64  0.01  
154 179  0.17  
155 166  0.33  
155 197  0.67  
156 33  0.55  
156 24  0.19  
156 180  0.69  
156 130  0.33  
156 89  0.09  
156 146  0.55  
156 46  0.13  
157 98  0.92  
157 57  0.91  
158 113  0.63  
158 79  0.66  
158 86  0.78  
158 27  0.01  
158 7  0.16  
158 129  0.25  
158 13  0.40  
158 83  0.67  
158 190  0.66  
158 143  0.04  
159 81  0.51  
159 127  0.56  
159 68  0.12  
159 143  0.74  
159 70  0.06  
160 122  0.39  
160 133  0.10  
160 42  0.87  
161 114  0.51  
161 172  0.40  
161 36  0.49  
161 181  0.66  
161 180  0.83  
162 130  0.04  
162 21  0.43  
162 62  0.54  
162 106  0.29  
162 85  0.78  
163 122  0.23  
163 3  0.14  
163 175  0.90  
163 35  0.76  
163 179  0.38  
164 81  0.27  
165 8  0.76  
165 48  0.44  
166 155  0.33  
166 55  0.64  
166 41  0.68  
167 38  0.23  
167 54  0.21  
167 10  1.00  
167 143  0.98  
167 126  0.89  
167 34  0.71  
168 153  0.33  
168 48  0.83  
168 182  0.98  
168 126  0.62  
169 35  0.14  
169 192  0.76  
169 198  0.64  
169 147  0.09  
169 172  0.17  
170 34  0.53  
170 133  0.74  
171 60  0.53  
171 81  0.27  
171 30  0.96  
172 104  0.15  
172 161  0.40  
172 110  0.89  
172 39  0.30  
172 169  0.17  
173 149  0.03  
173 88  0.54  
173 59  0.74  
173 186  0.46  
174 78  0.55  
174 117  0.61  
174 53  0.34  
174 32  0.20  
175 22  0.41  
175 11  0.12  
175 17  0.61  
175 163  0.90  
176 1  0.88  
176 53  0.11  
176 55  0.05  
176 93  0.97  
176 80  0.55  
176 128  0.15  
176 53  0.18  
176 197  0.27  
176 191  0.78  
177 30  0.31  
177 90  0.68  
177 94  0.55  
177 198  0.68  
177 151  0.27  
177 44  0.12  
177 58  0.90  
178 42  0.94  
178 134  0.31  
178 151  0.02  
178 136  0.62  
178 119  0.31  
178 118  0.15  
178 186  0.44  
179 121  0.65  
179 100  0.40  
179 85  0.24  
179 163  0.38  
179 154  0.17  
180 17  0.03  
180 156  0.69  
180 161  0.83  
181 40  0.71  
181 143  0.70  
181 161  0.66  
181 142  0.26  
182 168  0.98  
182 45  0.20  
182 83  0.49  
182 113  0.59  
182 192  0.43  
183 115  0.74  
183 73  0.17  
183 152  0.88  
183 51  0.73  
184 90  0.28  
184 18  0.00  
184 61  0.75  
184 42  0.98  
184 149  0.25  
184 7  0.82  
184 187  0.76  
184 112  0.09  
184 111  0.60  
185 52  0.50  
185 152  0.52  
186 187  0.50  
186 34  0.89  
186 123  0.21  
186 178  0.44  
186 14  0.19  
186 117  0.61  
186 173  0.46  
186 119  0.68  
187 186  0.50  
187 42  0.55  
187 107  0.69  
187 96  0.89  
187 190  0.79  
187 40  0.45  
187 184  0.76  
188 110  0.24  
188 23  0.14  
188 62  0.53  
188 119  0.26  
189 25  0.96  
189 136  0.72  
189 17  0.61  
189 62  0.70  
190 125  0.40  
190 93  0.45  
190 187  0.79  
190 158  0.66  
191 196  0.82  
191 21  0.63  
191 57  0.16  
191 97  0.85  
191 25  0.61  
191 176  0.78  
192 169  0.76  
192 152  0.65  
192 131  0.79  
192 121  0.31  
192 182  0.43  
193 72  0.67  
194 92  0.47  
194 63  0.62  
194 60  0.49  
194 145  0.08  
194 132  0.12  
194 102  0.95  
195 68  0.08  
196 191  0.82  
196 53  0.28  
196 5  0.30  
196 45  0.24  
196 36  0.33  
196 59  0.28  
197 81  0.59  
197 9  0.89  
197 155  0.67  
197 48  0.04  
197 176  0.27  
197 27  0.57  
198 129  0.86  
198 32  0.35  
198 169  0.64  
198 177  0.68  
199 92  0.51  
199 112  0.43  

