100
0 35  0.42  
0 5  0.87  
0 61  0.82  
0 93  0.91  
0 31  0.40  
0 73  0.55  
1 76  0.04  
1 48  0.49  
1 20  0.25  
1 40  0.52  
1 3  0.88  
2 9  0.66  
2 41  0.46  
2 41  0.56  
2 30  0.13  
2 55  0.75  
3 16  0.37  
3 75  0.81  
3 1  0.88  
4 77  0.09  
4 84  0.18  
5 49  0.12  
5 92  0.05  
5 0  0.87  
5 46  0.85  
6 23  0.48  
6 93  0.05  
6 75  0.95  
6 71  0.33  
7 54  0.54  
7 26  0.43  
8 75  0.25  
8 28  0.36  
8 16  0.37  
9 2  0.66  
9 84  0.33  
9 55  0.08  
9 62  0.67  
10 93  0.46  
10 39  0.95  
10 86  0.32  
10 42  0.35  
10 89  0.11  
10 63  0.71  
11 81  0.38  
11 41  0.68  
11 70  0.60  
12 82  0.29  
12 58  0.45  
12 67  0.88  
13 63  0.94  
13 24  0.12  
13 59  0.71  
14 68  0.61  
15 51  0.99  
15 33  0.88  
15 52  0.24  
15 24  0.78  
15 70  0.74  
15 84  0.18  
16 84  0.81  
16 99  0.44  
16 75  0.76  
16 69  0.72  
16 3  0.37  
16 8  0.37  
17 43  0.40  
18 22  0.42  
18 77  0.69  
20 97  0.09  
20 42  0.30  
20 82  0.97  
20 1  0.25  
20 49  0.53  
21 54  0.52  
21 98  0.85  
21 45  0.38  
22 18  0.42  
22 53  0.53  
22 28  0.69  
22 81  0.16  
23 60  0.69  
23 45  0.61  
23 6  0.48  
23 39  0.30  
23 65  0.06  
23 64  0.76  
23 67  0.65  
24 43  0.23  
24 88  0.19  
24 15  0.78  
24 99  0.93  
24 13  0.12  
25 63  0.60  
25 35  0.61  
25 83  0.44  
25 64  0.55  
25 56  0.87  
25 39  0.65  
26 60  0.65  
26 7  0.43  
27 94  0.48  
27 29  0.03  
27 70  0.61  
28 8  0.36  
28 22  0.69  
29 61  0.84  
29 27  0.03  
29 90  0.67  
29 71  0.81  
29 77  1.00  
29 79  0.58  
29 97  0.40  
30 63  0.41  
30 87  0.89  
30 43  0.41  
30 40  0.16  
30 2  0.13  
30 98  0.99  
31 0  0.40  
31 31  0.63  
31 31  0.63  
31 93  0.30  
32 77  0.04  
32 50  0.57  
32 53  0.32  
33 51  0.93  
33 15  0.88  
33 46  0.09  
33 40  0.80  
33 66  0.44  
34 49  0.15  
34 76  0.63  
35 80  0.39  
35 25  0.61  
35 0  0.42  
35 59  0.78  
35 52  0.47  
36 67  0.67  
36 97  0.70  
36 89  0.94  
37 48  0.05  
37 77  0.15  
37 60  0.72  
37 88  0.87  
38 67  0.59  
39 23  0.30  
39 10  0.95  
39 51  0.76  
39 68  0.88  
39 90  0.94  
39 25  0.65  
39 90  0.07  
40 30  0.16  
40 33  0.80  
40 1  0.52  
41 44  0.59  
41 81  1.00  
41 2  0.46  
41 2  0.56  
41 11  0.68  
41 54  0.74  
41 43  0.98  
42 43  0.07  
42 20  0.30  
42 95  0.59  
42 10  0.35  
43 42  0.07  
43 24  0.23  
43 30  0.41  
43 86  0.74  
43 17  0.40  
43 88  0.73  
43 41  0.98  
44 41  0.59  
44 69  0.56  
44 81  0.00  
45 78  0.83  
45 23  0.61  
45 54  0.88  
45 91  0.76  
45 21  0.38  
46 46  0.95  
46 46  0.95  
46 50  0.86  
46 33  0.09  
46 5  0.85  
47 65  0.55  
48 37  0.05  
48 62  0.16  
48 1  0.49  
49 5  0.12  
49 34  0.15  
49 69  0.38  
49 65  0.79  
49 70  0.48  
49 20  0.53  
50 46  0.86  
50 98  0.68  
50 52  0.25  
50 98  0.28  
50 82  0.62  
50 32  0.57  
51 15  0.99  
51 33  0.93  
51 39  0.76  
51 94  0.68  
52 15  0.24  
52 67  0.59  
52 50  0.25  
52 35  0.47  
53 22  0.53  
53 75  0.62  
53 32  0.32  
54 21  0.52  
54 45  0.88  
54 7  0.54  
54 41  0.74  
54 64  0.99  
55 9  0.08  
55 85  0.32  
55 2  0.75  
56 63  0.88  
56 89  0.98  
56 63  0.38  
56 25  0.87  
56 87  0.97  
57 92  0.18  
58 76  0.45  
58 12  0.45  
58 75  0.25  
58 60  0.39  
59 79  0.16  
59 35  0.78  
59 13  0.71  
60 23  0.69  
60 26  0.65  
60 93  0.18  
60 37  0.72  
60 58  0.39  
61 99  0.17  
61 29  0.84  
61 0  0.82  
61 91  0.89  
62 48  0.16  
62 9  0.67  
63 56  0.88  
63 25  0.60  
63 30  0.41  
63 83  0.35  
63 56  0.38  
63 64  0.21  
63 89  0.35  
63 13  0.94  
63 10  0.71  
64 63  0.21  
64 25  0.55  
64 76  0.21  
64 76  0.21  
64 54  0.99  
64 23  0.76  
65 94  0.95  
65 23  0.06  
65 49  0.79  
65 86  0.39  
65 47  0.55  
66 33  0.44  
66 90  0.08  
67 38  0.59  
67 36  0.67  
67 52  0.59  
67 23  0.65  
67 12  0.88  
68 80  0.87  
68 14  0.61  
68 39  0.88  
69 49  0.38  
69 44  0.56  
69 16  0.72  
70 27  0.61  
70 15  0.74  
70 11  0.60  
70 75  0.81  
70 49  0.48  
71 29  0.81  
71 6  0.33  
72 77  0.91  
72 97  0.27  
73 0  0.55  
73 88  0.38  
74 97  0.46  
74 96  0.84  
74 81  0.83  
75 8  0.25  
75 16  0.76  
75 53  0.62  
75 82  0.45  
75 58  0.25  
75 6  0.95  
75 3  0.81  
75 70  0.81  
75 86  0.74  
75 80  0.79  
76 58  0.45  
76 1  0.04  
76 64  0.21  
76 64  0.21  
76 34  0.63  
77 4  0.09  
77 37  0.15  
77 32  0.04  
77 18  0.69  
77 29  1.00  
77 72  0.91  
78 45  0.83  
79 91  0.83  
79 97  0.16  
79 59  0.16  
79 29  0.58  
80 68  0.87  
80 35  0.39  
80 86  0.11  
80 75  0.79  
81 41  1.00  
81 85  0.01  
81 11  0.38  
81 74  0.83  
81 22  0.16  
81 44  0.00  
82 87  0.39  
82 12  0.29  
82 75  0.45  
82 20  0.97  
82 50  0.62  
83 63  0.35  
83 25  0.44  
84 16  0.81  
84 9  0.33  
84 98  0.55  
84 4  0.18  
84 15  0.18  
85 81  0.01  
85 55  0.32  
86 89  0.92  
86 80  0.11  
86 43  0.74  
86 10  0.32  
86 65  0.39  
86 75  0.74  
87 82  0.39  
87 30  0.89  
87 56  0.97  
88 88  0.72  
88 88  0.72  
88 24  0.19  
88 73  0.38  
88 37  0.87  
88 43  0.73  
89 86  0.92  
89 56  0.98  
89 63  0.35  
89 36  0.94  
89 97  0.14  
89 10  0.11  
90 95  0.74  
90 29  0.67  
90 39  0.94  
90 39  0.07  
90 66  0.08  
91 79  0.83  
91 45  0.76  
91 61  0.89  
92 5  0.05  
92 57  0.18  
93 10  0.46  
93 60  0.18  
93 0  0.91  
93 6  0.05  
93 31  0.30  
94 27  0.48  
94 65  0.95  
94 51  0.68  
95 90  0.74  
95 42  0.59  
96 74  0.84  
97 74  0.46  
97 20  0.09  
97 79  0.16  
97 36  0.70  
97 72  0.27  
97 89  0.14  
97 29  0.40  
98 21  0.85  
98 50  0.68  
98 84  0.55  
98 50  0.28  
98 30  0.99  
99 61  0.17  
99 16  0.44  
99 24  0.93  

